7 0.2247596153846154 0.13701923076923078 0.16586538461538464 0.23076923076923078 
0 0.48557692307692313 0.1514423076923077 0.20192307692307693 0.25961538461538464 
5 0.7163461538461539 0.140625 0.1778846153846154 0.23798076923076925 
4 0.22355769230769232 0.37980769230769235 0.16346153846153846 0.23076923076923078 
1 0.49399038461538464 0.39903846153846156 0.21875 0.2692307692307693 
0 0.7283653846153847 0.3942307692307693 0.20192307692307693 0.25961538461538464 
13 0.22596153846153846 0.623798076923077 0.16826923076923078 0.23317307692307693 
4 0.4879807692307693 0.639423076923077 0.20673076923076925 0.2644230769230769 
12 0.7139423076923077 0.623798076923077 0.17307692307692307 0.23317307692307693 
4 0.234375 0.8725961538461539 0.18509615384615385 0.2451923076923077 
5 0.46274038461538464 0.859375 0.15625 0.21875 
9 0.734375 0.8846153846153847 0.2139423076923077 0.2692307692307693 
