7 0.22355769230769232 0.13461538461538464 0.16346153846153846 0.22596153846153846 
4 0.48197115384615385 0.14783653846153846 0.19471153846153846 0.25240384615384615 
11 0.7391826923076924 0.15985576923076925 0.22355769230769232 0.2764423076923077 
4 0.234375 0.3870192307692308 0.18509615384615385 0.2451923076923077 
4 0.48557692307692313 0.3942307692307693 0.20192307692307693 0.25961538461538464 
5 0.7391826923076924 0.40024038461538464 0.22355769230769232 0.2716346153846154 
11 0.2295673076923077 0.6262019230769231 0.17548076923076925 0.23798076923076925 
7 0.4867788461538462 0.6370192307692308 0.2043269230769231 0.25961538461538464 
7 0.7043269230769231 0.6165865384615385 0.15384615384615385 0.21875 
8 0.24399038461538464 0.8798076923076924 0.2043269230769231 0.25961538461538464 
4 0.47716346153846156 0.8725961538461539 0.18509615384615385 0.2451923076923077 
3 0.7379807692307693 0.8882211538461539 0.22115384615384617 0.2764423076923077 
