0 0.2355769230769231 0.1466346153846154 0.1875 0.25 
9 0.46634615384615385 0.13461538461538464 0.16346153846153846 0.22596153846153846 
13 0.71875 0.14423076923076925 0.1826923076923077 0.2451923076923077 
6 0.22836538461538464 0.3810096153846154 0.17307692307692307 0.23317307692307693 
0 0.48557692307692313 0.3942307692307693 0.20192307692307693 0.25961538461538464 
12 0.7391826923076924 0.4026442307692308 0.22355769230769232 0.2764423076923077 
7 0.23317307692307693 0.6286057692307693 0.1826923076923077 0.24278846153846156 
1 0.4915865384615385 0.639423076923077 0.2139423076923077 0.2644230769230769 
4 0.7307692307692308 0.639423076923077 0.20673076923076925 0.2644230769230769 
13 0.22716346153846156 0.8689903846153847 0.17067307692307693 0.23798076923076925 
2 0.4879807692307693 0.8822115384615385 0.20673076923076925 0.2644230769230769 
1 0.7319711538461539 0.8798076923076924 0.2091346153846154 0.25961538461538464 
