6 0.21875 0.1310096153846154 0.15384615384615385 0.21875 
2 0.46153846153846156 0.13341346153846154 0.15384615384615385 0.22355769230769232 
5 0.7103365384615385 0.13461538461538464 0.16586538461538464 0.22596153846153846 
9 0.23317307692307693 0.3858173076923077 0.1826923076923077 0.24278846153846156 
6 0.4723557692307693 0.38341346153846156 0.17548076923076925 0.23798076923076925 
8 0.7043269230769231 0.3737980769230769 0.15384615384615385 0.21875 
5 0.25 0.6418269230769231 0.21634615384615385 0.2692307692307693 
0 0.48197115384615385 0.6334134615384616 0.19471153846153846 0.25240384615384615 
2 0.7247596153846154 0.6334134615384616 0.19471153846153846 0.25240384615384615 
3 0.23918269230769232 0.8762019230769231 0.19471153846153846 0.25240384615384615 
4 0.48197115384615385 0.8762019230769231 0.19471153846153846 0.25240384615384615 
6 0.7247596153846154 0.8762019230769231 0.19471153846153846 0.25240384615384615 
