5 0.2536057692307692 0.15745192307692307 0.22355769230769232 0.2716346153846154 
1 0.49759615384615385 0.15745192307692307 0.22596153846153846 0.2716346153846154 
0 0.733173076923077 0.15625 0.21153846153846156 0.2692307692307693 
7 0.22836538461538464 0.3810096153846154 0.17307692307692307 0.23317307692307693 
2 0.46995192307692313 0.3810096153846154 0.17067307692307693 0.23317307692307693 
6 0.7139423076923077 0.3810096153846154 0.17307692307692307 0.23317307692307693 
8 0.2355769230769231 0.6298076923076923 0.1875 0.2451923076923077 
2 0.49399038461538464 0.6430288461538461 0.21875 0.2716346153846154 
9 0.71875 0.6286057692307693 0.1826923076923077 0.24278846153846156 
5 0.2403846153846154 0.8762019230769231 0.19711538461538464 0.25240384615384615 
8 0.4951923076923077 0.8858173076923077 0.22115384615384617 0.2716346153846154 
6 0.7151442307692308 0.8689903846153847 0.17548076923076925 0.23798076923076925 
