8 0.22836538461538464 0.13822115384615385 0.17307692307692307 0.23317307692307693 
1 0.4915865384615385 0.15384615384615385 0.2139423076923077 0.2644230769230769 
1 0.717548076923077 0.140625 0.18028846153846154 0.23798076923076925 
3 0.22716346153846156 0.3810096153846154 0.17067307692307693 0.23317307692307693 
0 0.4747596153846154 0.3858173076923077 0.18028846153846154 0.24278846153846156 
0 0.7211538461538461 0.3894230769230769 0.1875 0.25 
5 0.25 0.6418269230769231 0.21634615384615385 0.2692307692307693 
8 0.4915865384615385 0.6418269230769231 0.2139423076923077 0.2692307692307693 
11 0.7235576923076924 0.6322115384615385 0.19230769230769232 0.25 
5 0.2403846153846154 0.8762019230769231 0.19711538461538464 0.25240384615384615 
10 0.4795673076923077 0.8725961538461539 0.18990384615384617 0.2451923076923077 
5 0.7067307692307693 0.8617788461538463 0.15865384615384617 0.22355769230769232 
