5 0.22596153846153846 0.13701923076923078 0.16826923076923078 0.23076923076923078 
6 0.48197115384615385 0.14783653846153846 0.19471153846153846 0.25240384615384615 
11 0.7271634615384616 0.15024038461538464 0.19951923076923078 0.2572115384615385 
6 0.2355769230769231 0.3870192307692308 0.1875 0.2451923076923077 
1 0.49759615384615385 0.40024038461538464 0.22596153846153846 0.2716346153846154 
11 0.7151442307692308 0.38341346153846156 0.17548076923076925 0.23798076923076925 
12 0.24639423076923078 0.639423076923077 0.2091346153846154 0.2644230769230769 
3 0.46153846153846156 0.6189903846153847 0.15384615384615385 0.22355769230769232 
4 0.7283653846153847 0.6370192307692308 0.20192307692307693 0.25961538461538464 
5 0.2451923076923077 0.8798076923076924 0.20673076923076925 0.25961538461538464 
12 0.46634615384615385 0.8629807692307693 0.16346153846153846 0.22596153846153846 
1 0.7211538461538461 0.8713942307692308 0.1875 0.24278846153846156 
