13 0.22596153846153846 0.13822115384615385 0.16826923076923078 0.23317307692307693 
3 0.4879807692307693 0.15384615384615385 0.20673076923076925 0.2644230769230769 
6 0.7103365384615385 0.13701923076923078 0.16586538461538464 0.23076923076923078 
4 0.2512019230769231 0.40024038461538464 0.21875 0.2716346153846154 
13 0.46875 0.3810096153846154 0.16826923076923078 0.23317307692307693 
9 0.7247596153846154 0.390625 0.19471153846153846 0.25240384615384615 
4 0.21754807692307693 0.6165865384615385 0.1514423076923077 0.21875 
5 0.4903846153846154 0.639423076923077 0.21153846153846156 0.2644230769230769 
8 0.7211538461538461 0.6298076923076923 0.1875 0.2451923076923077 
0 0.21875 0.8617788461538463 0.15384615384615385 0.22355769230769232 
6 0.484375 0.8786057692307693 0.19951923076923078 0.2572115384615385 
10 0.7355769230769231 0.8846153846153847 0.21634615384615385 0.2692307692307693 
