1 0.24399038461538464 0.15024038461538464 0.2043269230769231 0.2572115384615385 
1 0.4651442307692308 0.13341346153846154 0.16105769230769232 0.22355769230769232 
5 0.7151442307692308 0.13822115384615385 0.17548076923076925 0.23317307692307693 
11 0.23317307692307693 0.3858173076923077 0.1826923076923077 0.24278846153846156 
0 0.47716346153846156 0.3870192307692308 0.18509615384615385 0.2451923076923077 
7 0.7235576923076924 0.3894230769230769 0.19230769230769232 0.25 
4 0.23197115384615385 0.6286057692307693 0.18028846153846154 0.24278846153846156 
2 0.47716346153846156 0.6298076923076923 0.18509615384615385 0.2451923076923077 
10 0.7223557692307693 0.6298076923076923 0.18990384615384617 0.2451923076923077 
4 0.24278846153846156 0.8798076923076924 0.20192307692307693 0.25961538461538464 
4 0.4831730769230769 0.8786057692307693 0.19711538461538464 0.2572115384615385 
6 0.7091346153846154 0.8629807692307693 0.16346153846153846 0.22596153846153846 
