6 0.23317307692307693 0.14302884615384617 0.1826923076923077 0.24278846153846156 
9 0.4723557692307693 0.140625 0.17548076923076925 0.23798076923076925 
9 0.7235576923076924 0.1466346153846154 0.19230769230769232 0.25 
6 0.23918269230769232 0.390625 0.19471153846153846 0.25240384615384615 
9 0.4951923076923077 0.40024038461538464 0.22115384615384617 0.2716346153846154 
0 0.7307692307692308 0.3966346153846154 0.20673076923076925 0.2644230769230769 
5 0.23076923076923078 0.6262019230769231 0.1778846153846154 0.23798076923076925 
2 0.47836538461538464 0.6322115384615385 0.1875 0.25 
6 0.7091346153846154 0.6201923076923077 0.16346153846153846 0.22596153846153846 
4 0.21875 0.8617788461538463 0.15384615384615385 0.22355769230769232 
9 0.46274038461538464 0.8617788461538463 0.15625 0.22355769230769232 
9 0.7091346153846154 0.8629807692307693 0.16346153846153846 0.22596153846153846 
