0 0.2512019230769231 0.15745192307692307 0.21875 0.2716346153846154 
9 0.4711538461538462 0.13822115384615385 0.17307692307692307 0.23317307692307693 
9 0.7235576923076924 0.1466346153846154 0.19230769230769232 0.25 
11 0.25240384615384615 0.40024038461538464 0.22115384615384617 0.2716346153846154 
12 0.4915865384615385 0.39903846153846156 0.2139423076923077 0.2692307692307693 
1 0.7295673076923077 0.3930288461538462 0.2043269230769231 0.2572115384615385 
0 0.24759615384615385 0.6418269230769231 0.21153846153846156 0.2692307692307693 
10 0.4675480769230769 0.6201923076923077 0.16586538461538464 0.22596153846153846 
9 0.7103365384615385 0.6225961538461539 0.16586538461538464 0.23076923076923078 
5 0.23677884615384617 0.8725961538461539 0.18990384615384617 0.2451923076923077 
1 0.49759615384615385 0.8858173076923077 0.22596153846153846 0.2716346153846154 
13 0.7235576923076924 0.8762019230769231 0.19230769230769232 0.25240384615384615 
