3 0.2451923076923077 0.15384615384615385 0.20673076923076925 0.2644230769230769 
5 0.4795673076923077 0.14423076923076925 0.18990384615384617 0.2451923076923077 
13 0.7235576923076924 0.14783653846153846 0.19230769230769232 0.25240384615384615 
1 0.25480769230769235 0.40024038461538464 0.22596153846153846 0.2716346153846154 
11 0.4867788461538462 0.3942307692307693 0.2043269230769231 0.25961538461538464 
8 0.7235576923076924 0.3894230769230769 0.19230769230769232 0.25 
6 0.2247596153846154 0.6225961538461539 0.16586538461538464 0.23076923076923078 
0 0.4603365384615385 0.6165865384615385 0.1514423076923077 0.21875 
7 0.7211538461538461 0.6298076923076923 0.1875 0.2451923076923077 
11 0.2536057692307692 0.8882211538461539 0.22355769230769232 0.2764423076923077 
6 0.46274038461538464 0.8617788461538463 0.15625 0.22355769230769232 
8 0.7091346153846154 0.8629807692307693 0.16346153846153846 0.22596153846153846 
