1 0.23918269230769232 0.1466346153846154 0.19471153846153846 0.25 
1 0.4915865384615385 0.15384615384615385 0.2139423076923077 0.2644230769230769 
0 0.733173076923077 0.15625 0.21153846153846156 0.2692307692307693 
4 0.2451923076923077 0.3966346153846154 0.20673076923076925 0.2644230769230769 
2 0.4651442307692308 0.3774038461538462 0.16105769230769232 0.22596153846153846 
7 0.7211538461538461 0.3870192307692308 0.1875 0.2451923076923077 
12 0.2295673076923077 0.6262019230769231 0.17548076923076925 0.23798076923076925 
9 0.48918269230769235 0.639423076923077 0.2091346153846154 0.2644230769230769 
13 0.7199519230769231 0.6322115384615385 0.18509615384615385 0.25 
1 0.23918269230769232 0.875 0.19471153846153846 0.25 
7 0.4675480769230769 0.8653846153846154 0.16586538461538464 0.23076923076923078 
8 0.7379807692307693 0.8858173076923077 0.22115384615384617 0.2716346153846154 
