5 0.23798076923076925 0.1466346153846154 0.19230769230769232 0.25 
1 0.49759615384615385 0.15745192307692307 0.22596153846153846 0.2716346153846154 
7 0.7103365384615385 0.13701923076923078 0.16586538461538464 0.23076923076923078 
10 0.2536057692307692 0.40024038461538464 0.22355769230769232 0.2716346153846154 
4 0.48197115384615385 0.390625 0.19471153846153846 0.25240384615384615 
10 0.7235576923076924 0.3894230769230769 0.19230769230769232 0.25 
9 0.24639423076923078 0.639423076923077 0.2091346153846154 0.2644230769230769 
11 0.4951923076923077 0.6430288461538461 0.22115384615384617 0.2716346153846154 
0 0.7043269230769231 0.6189903846153847 0.15384615384615385 0.22355769230769232 
8 0.24399038461538464 0.8798076923076924 0.2043269230769231 0.25961538461538464 
10 0.46875 0.8653846153846154 0.16826923076923078 0.23076923076923078 
1 0.7367788461538461 0.8846153846153847 0.21875 0.2692307692307693 
