5 0.2247596153846154 0.13461538461538464 0.16586538461538464 0.22596153846153846 
11 0.4915865384615385 0.15625 0.2139423076923077 0.2692307692307693 
9 0.71875 0.14302884615384617 0.1826923076923077 0.24278846153846156 
3 0.21754807692307693 0.3737980769230769 0.1514423076923077 0.21875 
11 0.46274038461538464 0.3762019230769231 0.15625 0.22355769230769232 
0 0.7043269230769231 0.3762019230769231 0.15384615384615385 0.22355769230769232 
3 0.24759615384615385 0.6418269230769231 0.21153846153846156 0.2692307692307693 
6 0.4915865384615385 0.6418269230769231 0.2139423076923077 0.2692307692307693 
2 0.7307692307692308 0.639423076923077 0.20673076923076925 0.2644230769230769 
10 0.2536057692307692 0.8858173076923077 0.22355769230769232 0.2716346153846154 
11 0.46634615384615385 0.8629807692307693 0.16346153846153846 0.22596153846153846 
5 0.7151442307692308 0.8665865384615385 0.17548076923076925 0.23317307692307693 
